0.509004315790352
-0.296374728213227
0.545461409806612
-0.237531580408032
0.418832221719264
0.274176886701132
-0.516326989100925
0.767574828023293
0.481019974080071
0.557868660324515
0.37800918960493
-0.0356879139868674
0.999096562128529
0.269413281020501
0.506996096648645
1.13436447494842
-0.706677685855595
-0.529681008316121
-0.0312024199063389
-0.694938815495573
0.084993730094849
-0.533911923521774
0.0680845252814801
0.256579502582099
0.222187231654634
-0.254732694438155
-0.335703436505506
-0.359423657852555
0.19669641455221
0.357568752457476
0.20510638675724
-0.440178462627933
0.688863733761612
0.193676466706615
0.651194342768691
0.552685959292475
-0.247427870171727
0.118355963476748
0.244126982408216
-0.0678297350418602
0.638099626849993
0.190909360765296
0.768873507114275
-0.21273097977011
1.26103635956214
0.0410854994663974
0.533602702469323
-0.108007597412255
0.802878424414713
0.440847249616557
0.687329257589924
0.707791230336505
0.0955929463281577
0.479519877804596
0.675445692826655
-0.742301851007945
-0.46635584698069
0.136222467708491
0.365628212690229
0.0775044793295314
0.271399829139866
0.735786642012772
0.440964266154131
0.46483391162405
-2.46510656681934
-0.521716708065838
0.13401793338724
0.564341687520288
0.0111417312011556
-0.601090923566163
-0.245769437627741
0.315152596054349
0.431672321233716
0.140998441929826
0.275578609039644
0.549240557346445
0.154842887307913
0.222742807666705
0.37941979711122
0.755043103212715
0.357879127401924
1.04951291770689
0.439557837191636
-0.396766846168073
0.407693240218648
-0.345670855184298
-0.00810727991803251
-1.12017429856826
-0.502547022806357
-3.16791613370544
0.834924544602817
-0.651206821760418
0.0443803060128951
0.556589442839261
0.725072768662542
0.0704528258855983
0.170928315818446
-0.63754185590519
-0.181479040181589
-0.246196284499909
-0.422755041216272
0.255965129836081
0.093702931549677
-0.0529322067761298
0.0898028713992248
0.789279977929345
0.0182963372695917
-0.0932914858910674
-0.0430163772234429
-0.193944704693566
-0.0897823959081503
-0.289735437947188
0.564681199846064
-0.101780429661488
-0.238511987637138
0.691211052415132
0.102767559809298
0.366257184553758
0.455041689325696
0.028541643786252
-0.38862689167594
0.162684769475166
0.539305801074733
0.412737101962769
0.736087962457725
0.588422909028725
0.595721721972962
0.321191469045023
-0.306947203595461
0.224169389207444
0.232500053447987
-0.639009319047325
-0.952284251422944
-0.0321519335633484
0.449842548381217
0.0671300507000983
0.198664852668183
0.308772400480339
-0.183385979441928
0.332807170142779
0.283167030509766
0.486763659408999
0.644678540162162
0.417004319399988
0.994317102584945
0.174764932481844
-0.448080631755776
0.614794751445561
0.374748779615415
0.450634015152761
0.510534736819601
0.582121288058754
0.269215887453315
0.750993781366581
0.84269403991315
-0.149001183207353
-0.273046407347364
0.136046266529512
-0.00954964577617867
0.440555657987523
0.453686535207676
0.459560510189209
0.431437341190501
-0.373610596817125
0.727083388175688
0.405513889698447
0.627861849800411
0.60965318995544
0.329870094747707
0.438135114238693
0.481542133610018
0.790087865202554
0.407783535317094
0.577673890614248
0.608164826969344
0.598649621390984
0.197190447477995
0.726763523571714
0.403344387035464
0.339259235062594
0.475414403332016
0.544971449030987
-0.477470752487773
0.707191172636044
0.342597781177487
0.726614003058452
0.635451694659777
0.0659614184503862
0.466641545980865
0.444017730402915
0.259557543749664
0.0456552218073902
0.634995577758771
0.738222330094609
-0.0852001056448148
0.764245448289073
0.551612183851568
0.0420884250443738
0.722806902027439
0.425486698016768
0.480054912642341
0.66326984170178
0.673350815463069
0.490539686267008
0.659490442689121
0.129916611340097
0.578302194235428
0.688790920883116
0.688704273442752
0.552423667351219
0.733470370838347
0.494063806718783
0.592543301564172
0.856776675360202
-0.342063550217262
0.728822489429962
-0.0596677731673239
0.427872362162729
0.565049210440228
0.5193787443537
0.46690015367739
-0.280984660575676
-0.325897054058861
0.581407394340079
-0.552337212270591
0.543736574686755
0.552700803405623
0.619052894942293
0.841267894196567
0.373305609232744
0.201980667286614
0.411954804487403
0.332911523165065
0.640152464772621
0.40173205704108
0.745942506345604
0.276347450358589
0.159086642955295
-0.57485594027451
0.607008626304043
0.53400797780416
0.0853705185594891
0.276875429382405
0.534872937464344
-0.269819732796159
0.289866602202859
0.592425370309671
0.292336269887139
0.930990794706016
0.888630749300265
0.25123947944256
0.596891676609938
0.897956794176225
0.525221115131412
0.973227990874323
0.52118731630965
0.476729528322767
0.783764426482463
0.444025520065744
0.473329593328379
0.434178195181046
-0.729750642404534
0.646975392045325
0.454455313194498
0.766459913624682
0.214142705464316
0.430794345368741
0.768585337187082
0.487137610743795
0.753779704703236
0.215333326988633
0.89003828653588
0.157897521349855
0.501885085475931
0.579236519841462
0.560481038825266
-2.86234478071298
0.547647895255517
-0.581693367283488
0.366766764198632
0.4136803565294
0.341957526589139
0.296305911512473
0.79416111054982
0.0961394841512551
0.641424456945275
0.557357143048482
-0.642819469010911
0.515021732331485
0.35209312609913
0.716831335231579
0.0578227705371831
-0.528174426374068
0.352691693205739
0.198127480174415
0.456986034473893
0.245141515648309
0.373955333459845
0.42787079854447
0.716300545845148
0.334109588867223
-2.10824361852734
-0.145900656946872
-0.760654500262929
-2.5914919625888
0.247348361017324
-0.594483167717459
-0.284068837710328
0.648037516269142
-0.136642016622632
-2.33562660553614
-0.342663551052733
-0.72497424750748
-0.31451452474058
-0.117094331504586
-3.1127563253527
-0.35089576049645
-0.325850709249814
-0.514395431884793
-2.54785921235718
-0.352400649945468
0.0912153156675871
0.616137261437748
-2.06952525772618
-0.583376268881041
0.578886601537095
-0.0379857198347653
-0.799435979619145
-0.342783476049794
0.321868926568995
0.0909185280619557
-0.131024089705546
-0.656442111491297
0.544748914708415
-0.259751473517791
0.465952566694085
-0.162281792040691
0.674047887502973
-0.485328954999074
-0.401181562677339
0.329717216404368
-0.38991562705538
-0.494696686710556
0.463931051937984
-2.36590402761279
-2.61783948683467
-0.132687834678074
0.354640388114008
-0.300601297679993
-0.0554046460223052
-0.109073755062527
-0.273556589350232
-1.26595373693708
-0.369558554650497
-0.333988458046443
-0.617632457293826
0.555336749043984
-0.419216356878994
-2.6079260286096
-0.279883114689781
0.460204023446601
0.471642315943287
-0.37003341526141
-0.100566182759373
0.597462745671451
-0.322401787193464
-2.46422018677168
-0.143814727991474
-0.342712279009988
0.342034630406921
0.820114387180165
-2.34554865931587
-0.373685561329346
-0.376528808284392
-0.396293546741682
0.341420625693081
0.685846367250419
-0.19899381535627
-0.0318999850113262
-2.50483683159334
-0.19233025954566
-0.0213505137029528
-2.57351979058845
-0.303608120163108
-2.78251276501894
-0.383365563166232
-0.389627378571018
-0.35749447082153
0.431339233200869
0.405166585218499
-0.271682262461142
-0.487075241135098
-0.0258358167675337
0.285937621776833
-2.54841946756411
-2.44594835522553
-0.258669459327628
-2.4891707681436
-0.341592000427271
0.0341439283879528
-0.494077609480966
-0.387604066805821
0.539364569326301
-0.496445999165387
0.358808192634015
-0.0793123080573792
0.492776651535426
-0.433115476818089
-0.414278748861577
0.430045786552073
0.503378105068548
-2.35548752415718
0.99476469973991
-0.224029578257727
-0.455926938077344
0.293816303959577
-2.87065527051351
0.170292825073228
-2.22788031625187
0.551807833345751
0.59908884254169
-0.0670478841149876
0.549043515340274
-0.142907120391684
-0.448021011024812
-2.05204740848759
-0.0709224693009237
-0.505044698534361
-0.326643016424515
-0.26549640209681
-2.55851981853175
0.208567170883653
-0.747915166714786
0.620644904869319
0.687332462589494
-2.04768151766917
-0.331625895018614
-2.63541446906125
-2.35724061400017
-2.64409912169157
-2.80558872398818
-0.35766385443096
0.446248723260094
0.444005215879864
-0.356955606314492
-2.63650962749729
0.281542604623479
-0.541045216391919
-0.307512671953846
-2.33697935206127
0.166092345892907
-0.42475714376556
0.593585481685971
-0.652536272755161
0.492065233814342
-2.72321195056746
-2.46138123997821
-2.46538926716628
-0.475838294438278
-0.602313561543856
-0.345317009273526
-0.223803379140663
-2.43851723567847
-0.440924221532352
-2.67782079870604
-0.384582133910353
-2.37464190202552
0.674291117589377
0.372996156749401
-2.17667347396985
-0.314471900956851
0.269539559578146
-2.9614539689624
-2.50863375158838
-0.250660526965647
-0.480344688124947
-2.39599071681346
-1.77784028675625
0.455786316629652
-2.46001243618215
-2.62485061293938
-0.0129170610534388
-0.408680239005708
-0.397843780240732
0.112117184683971
-2.82594260286058
0.281974759305245
-0.141424065233594
-2.30937566975591
0.544620253560847
0.477278098936974
-0.371685522611999
-0.105148472357675
-0.0709517496399772
-0.00362952819664823
-0.335272653484508
0.742309256860138
-2.60700822936331
0.55427543093051
-2.60600781838633
-2.46707559487887
-0.247441329944807
-0.339984518488626
-2.21083547889497
-0.474351572724557
-2.73550269918821
-0.193689183255819
-2.10943675995197
3.15364082717323
-2.8284572418781
0.168877597264626
-0.451481238519504
-2.66313258213443
-0.26900159050644
-0.304081677413132
-0.483127711396425
-2.9493893016515
0.355864082967672
0.575310280399361
-0.339044945478906
-2.7641563117956
0.363548822832007
0.0973620673189019
-0.386356949886757
-0.446518230727613
0.531476257790982
0.615878709675055
0.622722347619316
-0.339919188201591
0.112506088811265
0.237035137517474
0.513514699358601
0.529868149657331
-0.159500050510197
0.513466948551006
-0.360817007335131
0.51831005446531
-0.049461316827265
0.452430774240725
0.53303060271843
0.608591322348414
0.477096088363694
0.610977405593102
0.309946667706645
-0.24091547487627
0.500672858020314
0.484568283457455
0.595672610432987
0.605323017813554
0.500601066981739
0.62730473154201
-0.0216613124628545
0.292357923867746
0.623584852480343
0.444334917107766
0.6907290340441
-0.271603600888449
0.58134931884525
0.76396903553971
-0.20800680305106
0.576743633446706
0.629886818888445
-0.544331820857522
0.217928835395041
-0.617454116881142
0.512993960135675
0.453567596130298
0.352467225701453
0.545347547393904
0.195094766685843
0.448219207653768
0.660499288084898
0.841015911718012
0.357677231906346
0.568831467257345
0.437244878284545
-0.670440030431045
0.375857146599062
-0.572244639311563
0.602066348195999
-0.258269712941943
0.160692144238105
-0.245805094471093
-0.879208984264309
-0.482729862352936
0.271598007900965
0.0372312841475023
0.669572300877018
-2.4266145619062
-0.202222025801207
-0.459003539927107
-0.530896049953687
-0.21786928411121
0.540384256517572
0.602728996551102
-0.0407866805825731
0.510657607943909
-0.42982167773668
0.311321111954264
0.302987071790672
0.413510673571113
-2.54578049798433
0.334073834461022
0.641514095248886
0.942949941168804
-0.289568835252672
0.232773814634586
0.580982754220584
-2.42029155034884
0.516538331762513
-0.332047970350835
0.391076210817857
0.391584242233592
0.227813769172638
-0.521494886457416
-3.338072459552
-0.177388792676952
-1.01750962037367
0.345045061334411
-0.726022937320943
0.418192338522303
-2.07044948221581
0.539041844191967
-0.465948014060895
-0.716202697357908
-2.23413989540511
0.281120953210662
-0.570246419072658
0.666967977079889
0.229359908854574
0.449067594444614
0.116812248645085
-0.47252437458425
0.0506698034040691
0.0618556949018434
-0.517240208562847
-2.56945767110168
0.260531733210482
-0.323679597185064
-2.69060370162685
-2.15448674644766
-0.26422778958066
-0.626557399111955
0.237767638900202
0.0380391364356349
-0.485031055971859
-0.1551252281673
0.346781336972515
-0.0382728886648559
-2.36519008697534
-1.3272999933747
0.513838007214898
-0.125955097634128
-0.232669750925013
-0.447748014115921
-1.05554397206177
0.572304847837456
0.401016493583339
0.589420046653051
0.18466447895311
-0.398210406962551
-0.347232267660725
-0.636516144386737
-0.523633251189882
0.186284905460221
0.227541138942737
0.559256410268248
-0.337155124778982
-0.204097642664538
0.0287502062710923
0.369944518152883
-0.85253135954948
-3.63943212373571
-0.209285799196217
-0.130451411919182
0.338917274355355
-0.883229563961607
0.168615197716733
0.429270513586214
-0.427623636222592
0.24248369128626
0.29940972359708
0.379327357624417
-0.559878705251131
-2.71465250096004
0.526728025434439
-0.428610383665148
0.387648084849427
-0.382285032376085
-0.31011835241305
0.648915463417411
0.855648146098139
0.681657657523074
-0.168554696174632
-0.356552973740976
-0.126499992557685
-0.267403444462285
-2.49459660896262
0.529493173357811
-2.56688614221336
-2.2844474697762
-0.118785494026638
0.407883923190592
0.547556550151677
0.312130463421577
0.799921010910186
0.346928698301871
-0.422552194688096
0.46998226532486
0.607375900935356
0.113510609101779
-0.148340864628186
0.35679272028859
-0.549226568478831
-0.304866012217909
0.585816767132308
-0.584053511961706
0.532638328255181
-0.705844090026847
-0.43142223967753
0.394247158051371
0.366179541605324
0.159342159987649
0.244395937788621
-0.703463680251832
-0.273272009536748
-0.109552283831301
-2.90644280451519
-0.595170749877751
0.312295668966766
0.0674713232184134
0.762106128242169
-0.413213814308756
-2.39889067568415
0.196463221098081
-0.283426402665797
-0.356352416024231
0.345557257391522
-0.158600417075627
0.441309263151375
-0.0191552780120372
-0.58944676199942
0.0473197508411936
0.407495499672918
-2.55282553209678
-0.241748800382375
-0.231450314081133
-0.71160305779587
0.851581853913064
-0.551625764965449
-2.20080686090286
0.241605257799038
-0.248211599713916
0.263286785377848
-0.163907326114761
-0.32645494744119
0.478821486959621
-3.32092142619667
0.228505255175178
0.788357151528704
0.150625193938384
-2.45868213681936
-0.0168250517005141
-2.67770881178786
-0.272054706665691
0.864992901939803
-1.43528714543492
-2.21168701926662
-0.559314072354561
0.1612954038939
-2.37816124391662
-0.438788319126462
0.663300074878962
-0.511896147248389
-0.279392003176412
-0.552566147577858
0.422365485031113
0.851900016850773
-0.328070103068125
-0.59332779058459
0.655448859580478
-2.65775780212438
0.205682360669091
-0.313112533870863
-0.590275432648157
0.1769139036901
-0.709340511530355
-2.12811804439402
-0.176800809187356
0.649969318254287
-0.384301118370952
-0.139025418468609
0.446481357813246
-0.314574257439176
-0.0673894906896249
-2.80474329297003
0.579617135222136
-2.16129335122916
0.312282057161856
-0.52558639217271
-0.411022468029521
-0.189454562934816
-0.0443523894017306
-0.155929057448871
-0.20730936167357
0.131128132268893
-0.772472236701531
0.657895723438037
-0.439898895485034
-0.49163243712631
-2.43297164966619
-2.47515710669463
-0.3401193244477
-0.178532105508567
-0.315801722564477
-0.115939998021316
-0.213525253538595
-0.529894423436539
0.577388432017628
-0.329144229934691
0.452852480674337
0.647118768332047
-0.134092744444601
0.537857667156753
0.756649566883233
0.290271500738154
0.646416248696322
0.235739338838818
0.353506566103362
0.224545837749184
0.524777604633238
0.302576827299676
0.425022963297377
0.769693016676839
-0.241925526351288
0.205376372316619
0.518503475813231
0.737876693470041
0.380583972700684
-0.399166536144019
0.404790396572517
0.362499137992836
0.512484078295248
0.752000311485479
-0.556692990367472
0.606805328454579
0.294342499646999
0.157703433528523
0.222825054513778
0.177187351581555
0.378521976395046
-0.187859183603523
-0.496672605665315
0.414537867070319
0.134435657655171
0.605753829220996
0.620898414165407
-0.740311957342112
0.719646065227459
-0.703688874869233
0.548463283638516
0.682725427376391
-0.0627548106902241
0.736014583022468
0.348309835728049
0.540112415362993
0.540029352154508
0.829283776347608
-0.179859354231365
0.34534384692076
0.699594033952868
0.422483321549201
0.788335450884732
-0.251855962224485
-0.504241526060188
0.581261542794195
0.595014352483662
0.47382034367383
0.330358575823566
-0.299365433307327
0.354590160785566
0.627598979305746
-0.263387102201304
0.0817413144386339
-0.663495234231814
0.303696436951364
0.68414099361551
0.478570933803752
0.614908541908494
0.0193077407817293
0.644593315736057
0.468288681017792
0.447586602025958
0.599246797504612
0.429607992446561
0.539481029944516
0.316165191834266
0.445959204217979
0.572331075512588
0.457140449781853
0.652525033052493
0.532981180738516
0.447182081237672
0.567502462844287
0.590559031709711
0.350034358467246
0.631199343074774
0.507575510665869
0.436553839732222
0.385133867775
0.614015413996848
0.342137073463305
0.436014145636436
0.370554758086566
0.383498756394079
0.75133131966582
0.619633040851226
-0.317580117589369
0.52024221280265
0.424209747248562
-0.456102306580591
0.185812102561321
0.336465273198491
0.523906399700963
0.286532381506404
0.371604248359056
0.454853116138681
0.29610999689878
0.39122465193764
0.586146399667808
0.380339471147731
0.422171410172169
0.438307321263769
-1.00972893824418
0.571001272954515
0.120899791985708
0.49823385738079
0.378447469158646
0.45480684059102
0.456679153237857
0.424185481714265
0.64751880577169
0.237402715956251
0.645025109009317
0.569379620575992
0.733786831282796
0.476045693744696
-0.323611289210864
-0.61427980273281
0.486282317983239
0.249757545027177
0.588262135051907
0.197786971015289
0.398713301342725
-0.698324740577356
0.362461649576814
0.376813704127171
0.649804029160312
-0.171878489344909
0.602302159417659
0.231942128032889
0.445024553281575
0.618542529535253
-2.58875763216935
0.473272570555446
0.412614122075822
0.376670473954962
0.62816141670232
-0.434697069814299
0.337123192093845
0.611141634534829
0.437550700492018
0.293605711862026
0.128259807216468
-0.619025646498248
0.645610858466967
0.613118887242738
0.19440311421132
0.59835622269115
0.539797165081795
0.350282245493471
0.509612023123148
0.57753375966643
-0.336170694960615
0.485463365577057
-0.300716140659899
0.641946290583104
0.243105948740094
0.45835609502204
0.516883864036861
0.64527912760241
0.309596327674859
0.587836892456622
0.528525257531775
0.825798005996925
0.21083810819725
-0.140476124655112
-0.458094136934482
0.273811619561922
0.0135840695208694
0.177298123364706
0.590688824839701
0.0415638147425684
0.520409355591159
0.490331812525195
0.508588320005423
0.202403389669155
0.897805300769757
0.549906044904253
0.32989250572918
0.539881449522776
0.00628828944150173
0.688632066718082
-0.248506084765673
0.273583335450153
0.395884030023952
0.217596524774591
-0.508588921905741
0.803498030223086
-0.260508658658837
-0.441999033839571
0.471364037598642
0.0885075380842828
-0.32783155035973
-0.556499433164742
0.490647623695559
-0.281582378489719
0.296516215654635
1.00067370586523
0.470846590003286
-0.124750554549831
0.585413703544239
0.233505948795431
0.73024653487576
0.484566082023746
0.656068770297989
0.341738866516521
0.550862966355975
0.626478834435327
0.417051839739361
0.369774712337467
0.309878136628278
0.300746591694097
-0.190633377707155
0.460088877956732
0.39262404465198
0.498617343245879
0.629994463041738
0.595295131362506
0.74751562545332
0.93722200791804
0.517520051904966
0.131460174220121
-0.35256057816494
0.523416402671878
0.811513871936797
-0.494777661026251
0.613291265333646
0.816890685776316
0.551167898226204
0.572505055156577
0.155918739274803
0.431859124771367
0.490643915611255
0.188205175736541
0.483589200138247
0.443439784921061
0.381136366375709
0.766864543244225
0.473476527145775
0.635730622711773
0.235918638951608
0.42745311742492
0.381084015707149
0.543561401746287
0.768728000512837
0.575252525017488
0.197272593666864
0.531650925373691
0.56287475733745
0.462402695582192
0.323889917612698
0.685179036701048
-0.499510230530789
0.936317919218853
0.616555114610924
0.629531129653189
0.815198709560808
0.728011053730561
0.593548488172543
0.575360424291699
0.767833987788717
0.487620131095551
0.579245026359014
-0.548524155155692
0.55761228425058
0.0949796233675664
0.473231305733077
0.537269574141133
0.683440137128835
0.541844859767347
0.909423274646372
0.8009982753216
0.810009624608414
0.547057748465655
0.705969232747076
0.537648415571751
0.370504163567746
0.465722203126513
0.639496299264791
0.528489182522757
-0.261893424187519
0.808057486079929
0.636713091797751
0.527943108679642
-0.191472537666373
0.394079451600438
0.358562319229335
0.592396792460748
0.693522983853731
-0.0486119039568647
0.513367705721579
0.230221613097515
0.514559955271173
0.5839103738027
-0.215697725933744
0.472823886842549
0.626138664536676
0.481949080344133
0.34065868178353
0.402467475507172
0.571251979532063
0.577385530964737
0.46942443617634
-0.724155918882929
0.738448959730632
0.805140712463525
0.658143209272993
0.39350471784871
0.480074675025169
0.533378094235817
-0.0104103685735926
-0.7336568106351
-0.2898612324731
-0.680871850843792
-0.494139126378385
0.31989273222306
0.641494883385831
0.559160237338655
0.485843981961036
0.729111291830495
0.666440764268855
-0.202873018711187
0.723526134556304
0.782387728976618
0.600744016473845
0.783403863298465
0.459398358290279
0.631016550710831
0.610015006909693
0.897725801141312
-0.332771679177225
0.430227127562516
0.528240719184009
0.44921744946492
0.702267648147694
0.708394465283863
-0.284125074774159
0.193499102302064
0.540951628415042
0.748100145455577
0.805297412423055
0.603012779732465
0.252017942433247
0.0145215999254985
0.162317127932104
0.543600728859197
0.780556256766817
0.374974776684231
0.447145706840652
-0.261181238337455
0.444241216861295
-0.355553950848739
-0.0612299779842452
0.490002662020061
0.541760433441025
0.548140003278122
-0.0426638437408204
0.727479617797645
0.544613843423876
0.704165166127232
0.191101171031742
0.729577266722026
-2.36900970166929
0.404405989307557
0.365911854422125
0.48263342128999
0.469126676011733
-0.280282448008893
0.542216163922901
0.488444985390342
0.640573554764185
0.718823178667342
0.594474468644842
0.129951874134898
-0.134588421119873
0.609229660104633
0.411528149616602
-0.515535236557866
0.498045866373677
0.824842568345358
-0.534181105184
-0.181130938807708
0.464219271965462
0.348357793696536
-0.406371623320855
0.176216238062607
0.297778128455249
0.575581958684267
-0.270475960919879
0.616621446040006
0.393370394204958
-0.50831765001772
0.486573413441582
0.628266337797988
0.435540114659571
0.231437298219231
0.473979813310489
0.702577270458898
0.559330269092811
0.447858823439701
0.907627362886245
0.600281294081944
0.384589672860211
0.666194520019064
-0.00371897986375733
-0.0239650232917252
0.750652085496153
0.749405343041583
0.332818375467529
0.3734296362225
-0.233945048750835
0.643199524491989
0.59693995105067
0.533805100118517
0.47825240952973
0.506497781674175
0.775768636697266
0.714718310278331
0.715004496774902
0.645652373561058
0.723226397531716
0.798854783695255
-0.0202748937204494
0.26718713007373
0.415202781285283
0.834567631104753
0.532634479754225
-0.485368906362092
0.795856685606227
0.728380033893368
0.507051584537647
0.668657331394044
0.671382319962887
0.0457061170204057
0.88732528542276
0.305438545487794
0.213344386036939
0.204228890371161
-0.880922838757514
0.359879785982996
0.653748089626871
0.512692416033744
0.405649462898319
0.548774103019299
-0.306589515089875
0.87148488368369
0.336942316291203
-0.258639176183766
0.458451994458053
0.164434330847983
0.322533477393703
0.578049347035536
-0.359039626369947
-2.62109022931567
0.169859591409348
0.618288839011289
0.519730709575241
0.680803696297816
1.00363285616868
0.312232950601443
0.67568601328576
0.443808962878732
0.158114776782256
0.633423727557543
0.341753099834369
0.616400378152407
0.647993483145759
0.484508748174911
0.635966159718876
0.608596181789218
0.768626376859026
0.749718648019403
0.516452446738817
0.626511811220662
0.756986600381226
0.421028335046154
0.713819227937781
0.643091936762175
0.794819568669938
0.481579538298555
0.540615722188302
0.666233245983232
-0.309100789551605
-2.63523479205542
-0.0453633792073702
0.0947608659261889
0.598666304455234
-0.372333814602204
-2.850712129799
-2.55548372654108
0.409455591191064
-2.830836342322
-3.17669277543723
-0.405306035017432
-0.446665298204137
-3.21566400627582
0.609276852145024
-2.49067536660352
-0.458289142466701
-3.03683655342775
0.803622788541244
-2.56852932693397
-0.508510790585647
-2.45710948921076
-2.31136627715086
-2.76927245466885
0.40487528262911
-0.0390529872109984
-3.09191643404769
-2.93351714350939
-0.57193380880367
-2.77437870092948
-2.7667720856044
-0.0760521386000261
0.0605492344483562
-0.358244529413011
0.612976701647697
-0.215206002750045
-2.80519046465181
-0.229209684509868
-0.214371807184013
-0.534912237614162
-2.5147727811676
-3.06212169633763
-0.53785369764163
-0.154474747240027
-0.187588356577067
0.494829477501262
-2.85546871740552
-2.94830881123078
0.42274156378762
-0.57868056620792
-3.60483298119792
-2.9454777484064
-0.422858482910007
-3.13666303268407
-0.113111194580316
-2.510362298415
0.200153662549178
0.568041255889592
0.622840601751312
0.462883802852267
0.277370245765884
0.323852004361582
-3.2505165480298
1.25139367558685
0.0170803517761695
0.203492735325828
0.382288931752387
0.360626417468275
-0.0158463799650485
0.212050149981316
0.148208234855806
0.359510695430038
0.407245373027656
0.402670004355376
0.218431784446526
0.2119403876857
0.123412295064268
0.142552374360608
0.630038602152312
-0.31237413405387
0.640423590305707
0.36535877008741
0.27202255069944
-0.519513221452492
0.509122363546977
0.39897987183688
0.600819070363816
-0.447925574679389
0.255511639090882
0.593255135222633
0.486218700891714
0.0966672743949152
-0.426522034891318
0.269787404957074
0.37102734242941
-0.56930841431012
0.0900161478343371
0.31593153567771
0.475571332475894
0.232044772014667
0.0469458677649565
0.40134031970594
-0.353447035952502
0.397011922416479
0.0701324835807436
0.166978591070391
0.277400598979339
0.61041546836023
0.504121821494212
0.351477360920935
0.145945378612829
0.353789193138908
0.344063741063152
0.50874943527342
0.258199112086502
0.105772401670166
-0.145401295523783
0.467648534169219
0.148542749322448
0.670505280115488
-0.0978780060099533
0.0830719786502045
0.768468616140823
0.360301076059078
0.270198726994501
0.150810409175262
0.628819983278449
0.358361315103003
0.337942949559063
0.496759097143173
0.831118974142594
0.314442829109654
0.409696778855571
0.263805496135874
0.524920583806173
-0.637078131544467
0.649939267416628
0.589291546721824
0.345005229924892
0.20174147784109
0.305957648766969
-0.0838235653919803
0.268343003602058
0.601295087327282
0.491869674460048
0.300882430373554
-0.153315784543065
0.63569509030731
0.277473100278519
-0.23924357074361
0.198805377032935
0.481765257660802
-0.390767805662285
0.357579484805681
0.466966476002139
0.154210602735205
0.142525572523642
0.201778050839205
0.434003579601519
-0.668114378957407
0.331881018603222
0.588674941452363
0.57179965948905
0.439788347357468
0.60004382584416
0.367685547224345
0.272682693537964
0.264902298900917
0.389371765882835
0.1056811636162
0.422398931019604
0.480611745602732
0.290651296774366
0.506664187331548
0.449056316918093
0.402964210541127
-0.641677731668866
-0.593577794220261
0.202425766221264
0.135963807200051
0.636727129103279
-0.584152360968338
0.4364586001126
0.621818674657339
0.371809184811261
-0.277705073780014
0.232571618199514
-0.0406728359710493
0.461320869965119
0.535140298814839
0.277130057385804
0.166662734875535
0.294136479317699
0.527990794165935
0.658566291235092
-0.518116484744957
0.719297087100097
0.37487800846001
0.643838881092383
0.281945375262232
-0.176958033063023
0.64860875273264
0.345649590951083
0.802307457304016
0.661955768402172
0.203356234842565
-0.213115198898801
0.492395995306587
0.482666815231996
0.638926142597935
0.852473750252013
0.289633049804751
0.407375851855702
0.517853410845551
-0.058483475750812
0.675231050315746
0.557496859171238
-0.272932365020025
0.603070342360248
0.42250524621201
0.358124062675954
-0.680615820284013
0.225695997370917
0.433241596059475
0.524436060524147
0.508827907635943
-0.0685129833107214
0.583917850479695
0.460194531118993
0.361537854362057
-0.270481099539204
0.347437189166006
-0.384834385758492
0.861723171999735
0.127510080988476
0.48702986319364
0.317378801689862
0.290237501479914
0.684462756347456
0.614652573046106
0.498195554986539
0.740706636313351
0.692440898660426
0.570496136024545
0.0167681045706682
0.435277289333052
0.271306676285368
0.270340686406094
0.68176673110209
0.427217350645634
0.506043339261709
0.622947389092506
0.310119426688733
0.560328383987504
-0.23599895644597
0.20240651979392
0.112721557410155
0.564533484651694
0.284209494609946
-0.629939425822868
0.3979220792742
0.456334434453174
-0.408897365137864
0.517214439939483
-0.362046440759219
0.35798980868867
-0.213620265024144
0.833468265194472
0.591123932769427
0.767688972123722
0.481522979969423
0.637132686900336
0.297596495772171
0.429816354449027
0.350821816240664
0.741221973634464
0.33686505976463
0.439740298802162
0.265534230934061
0.516718390390081
0.655158945668957
0.534856631464116
0.480619380339511
0.576146201221926
0.252231691755356
0.250580951524916
0.392658490979535
0.0683665947580237
0.631588811195738
0.513711442242293
0.378405846519374
0.493542759901727
0.127155905967552
0.15334523630076
0.656162234539292
0.743963646019344
0.240618964266788
0.864628013369718
0.600488044772194
0.592597975978341
-0.612916108733774
0.549151096710071
0.441842815053829
0.58556136398719
0.656062681643543
0.710266130720731
0.506450290362366
0.0886247067942264
-2.79452951745001
-3.19964943308122
-0.35383080971472
0.518409400793301
-0.393355152079902
-0.144183276302149
-0.319231218110959
0.374970502556603
0.81368124265505
0.39540551451301
-0.401724001720536
0.632541904076876
-0.202664929208682
-3.55963193044146
-2.7725646861596
-2.66538395447482
-0.0265019257388759
-0.280846765043076
-0.436616994867349
-3.13328573276309
0.608513827391798
-0.107392946344034
0.422518707097109
0.231323096783123
0.518927214683014
0.108520662478867
0.549865489763549
0.652209272115434
0.407713190907963
-0.737336337902517
-2.02129375696641
-0.552131418564311
0.52191774896495
-0.453442618832993
0.281638193239323
0.618942681608579
0.372242548116433
0.408660388214472
-0.0224159707423559
0.651339686833006
0.366765071093443
0.595955305996166
0.119886241404405
0.0273019530893271
0.698425931990857
-0.145291156908691
-0.699251221291731
0.273505464646639
0.39190117268245
0.554002721846075
0.121605264038731
0.447894430385352
-0.534486293159812
0.321545304211104
0.102141690878324
-0.445098067305802
0.486234022214752
0.702078717635358
0.00225369362271377
0.445938597183057
0.793230064431112
-0.255871343241267
-0.219344825913574
-0.232962677813403
0.533678843884052
0.717656144082157
0.474169925470525
0.693281586985735
0.684632788350595
0.553739246478576
0.369294326130596
0.491651941692334
0.536784063121961
-0.38726192625201
-0.471458044987462
-0.130839346658402
0.189632692785478
0.344958401854692
0.337414276212752
0.67569037899246
0.923985311899001
-0.616548351836619
-0.0309601114053235
-0.00797007613016132
0.833441440701229
0.439535255722609
0.467077425927319
-0.373577404555103
-0.477093931978907
-0.408085751002613
0.308211426117913
0.681486965222515
0.375333714628589
-0.439052844237165
0.496186319234572
-0.435862921505706
0.442890024457621
-0.0323021272738191
0.471099058021291
-0.15153792972719
0.815136136189559
0.67316668288362
0.91824012636954
-0.347731180188858
-0.631730350419105
0.304384943553469
0.41343905148374
0.488974687058105
0.565492686744085
0.701100273179377
0.476384704283133
-0.111764686754655
0.366803896199492
0.458627541451932
-0.52623543334521
0.716516499811268
0.390082215520112
-0.511398417080564
-0.206124276211252
-2.63045325327318
-0.510607989425819
0.352848463828909
0.407006516932861
-3.05176774354268
0.665704116089
0.616528975844366
0.545585503677578
0.379979313616018
0.379357463760679
0.377085782094883
-0.0935385808626343
-0.392595269269119
-0.338873508719406
-0.44028281778582
0.15569233086441
-2.17360868670441
0.550238324081608
-0.857451613276123
-0.0317725992819937
0.749360637038212
0.855908213843122
-0.200331785069911
0.468662561140379
0.451679484917764
0.902701391414911
-0.606060070898816
0.307169591586625
0.74663213687789
0.445632704833001
-0.473598788548259
-0.478517931234718
0.328861855964526
-0.410994912780316
0.608214233945885
0.635969611338204
0.453205459308394
-0.123018189895314
0.380830050184409
-2.54356107894047
-0.425375189011153
0.424784315131206
0.524745149755126
-0.442997384531443
0.324742259308093
0.783796620611882
0.439847534965149
0.62844821127293
0.24816464272037
0.6565651256027
0.470200153484443
-2.56438425109687
-0.367001600660273
0.545628343500624
0.0514683823349999
-0.341638601474246
0.364242804709732
-0.117441329945135
0.814271301498897
0.487523972580165
0.76464281842159
-0.185838261177072
0.530795546230099
0.679806435823054
0.131880720165674
0.466242727780625
-2.51105203799308
-0.418463624663022
-0.516800360748733
0.532116576184395
0.840241876086495
-0.189871679699549
0.757708388153593
0.596278320630159
0.175500097245327
0.655028237068658
0.614299658740859
0.665867750458851
0.470218766732596
0.410256482630764
-0.579282663671333
-0.117546636958278
0.590579947746031
-0.192289688021528
0.806207593785531
0.760222828679223
0.507064346852325
0.00497527962460476
0.582572798171509
0.810130231053843
0.835739031368709
0.729337197095857
0.0171004788916922
0.564879259999038
-0.303332352552309
0.588943589728882
0.490644154435558
-0.0414255488168239
0.0376656102333467
-0.129698867360854
0.562778713941379
0.457007427153267
0.771760286407732
-0.308257001081002
-2.80315984393617
0.596283534836319
-0.275946633115183
0.0900606393238716
-2.64988864948201
-2.48708133164822
0.687050246363383
-0.305395683874716
0.72601965526633
0.225801515925458
-0.00585484938265964
0.494750720262804
0.625207482789848
0.507646942825227
0.869747016096475
-0.254796593837758
0.51781267551791
0.746940163930976
0.866766412716814
0.574166828051438
0.340652587553087
0.979605319659171
0.707684462732094
0.583914946434769
-2.88618962730621
0.652052406163276
-2.59815903148973
-0.367415996644063
-2.68349683511618
0.400895781897718
0.0655992986454768
-0.0287031236204673
-0.18500410076914
-2.51765930453788
0.406429285547177
-0.139691532679283
0.0340662825850478
-0.325249595143982
0.0641965487545487
-0.152254957943144
-0.100944418677616
0.813076451569705
0.613293321130022
0.544277282630327
0.514219915302885
0.448541408079761
0.599933588552885
0.615479249929071
0.542156007140587
0.442641288089908
0.662368399140158
0.664364994228301
-0.365766665363815
0.552646143728193
0.422911939659283
-0.0965705186400428
0.473048040345886
0.568414305266857
-0.180544188174881
-2.56314877465825
-0.102864364332274
0.264176532637494
0.605637129374095
-2.75887504890901
-0.319808233548527
-2.58028577058509
-0.361784117158213
0.592433718543757
-0.50827545991784
-0.138092672717263
-0.208830699160268
0.644734916051081
0.333900844941016
0.379018779088419
-0.00869895656888511
0.804263335672068
-2.99063906348362
0.384856696568943
0.601818406975584
-0.248906917474095
0.727760790111318
0.648624257671931
0.676061901746327
0.568989759471736
-0.167810527096041
-0.131223816336934
0.810978829688344
-2.37638160906402
-2.88593234953059
0.553302588611665
-2.85396734828511
-0.155081460503697
-2.49480893593322
0.318379695683562
0.610327187905032
-0.0850508025755964
-0.314923925041157
0.921009290491535
0.80355337411616
0.710510850434717
-0.176530452962122
-0.537808768162375
0.649043437522282
0.570943058575074
-0.281670392181432
-2.50177242550628
-0.164436423549784
0.679330587295496
-0.0360812363814351
-0.17295545217829
-0.283003253475458
0.726188708769045
0.584926640379065
0.349253328218366
-0.0710987476812556
0.49386903271073
-0.329886896344455
0.618733448552496
0.389730796268071
0.844501418540296
0.633090797069444
0.500163883755659
0.556534464364372
0.38829478214186
0.366487387001033
0.806157961946298
0.4920230819123
-0.57074002967873
0.691044097755369
0.524407131622812
0.429081369910797
-0.0660331222618294
0.352210298481976
0.0659559886962379
0.77862528445332
0.465563642182438
0.743621322544647
0.377473320686371
0.657391275639297
0.483627416485561
0.206502591591119
0.321248821054469
0.176050557178744
0.30568682935998
0.659400638498057
0.499533451749718
0.326139841860632
0.548558971240069
0.569466774798767
0.483560884600592
0.517021852529132
-0.00606120781145174
0.709800905626534
0.415166064753251
0.592211924939143
-0.144918561607046
-2.90136215591311
0.656271713801247
-0.322301773109366
0.412070870464011
-0.0708485360503526
0.442369857628064
0.617856196809374
0.281987073977985
0.495490524981519
0.594290662163103
0.534568452306347
0.957189754626374
0.534416460361497
0.804740947481219
0.427079546460794
0.374873052861938
0.524134676168573
0.608908852516462
0.473092099167105
0.0824683909929036
-0.400992619077456
0.388346002958965
0.674626578897941
-2.79295710250138
0.362676095929027
0.450958534312747
-0.224946009148118
0.518460015054902
0.439015605485325
0.878425108387319
0.676046338174926
0.499158863594714
0.895556685307698
0.795480369418705
0.713161399955566
0.654692634505787
-3.28917017637927
0.494943144412596
0.453847164483606
0.513563104644423
-0.427780050007049
0.783848184510418
-0.338648911997344
0.194088037859168
0.561627218755131
0.695580108068165
0.63320512546289
0.692812627879576
0.504814826076695
0.906496311938466
0.520261412890198
0.764157196858797
0.440187619649449
0.284723207984551
0.610486199047261
0.423197002296096
0.440546535669386
0.742137869665497
0.413817467866384
0.608514065482685
0.338314396169845
0.76444686247186
0.507076323767544
-0.279626454330796
0.452851741633522
0.898362104886181
0.201409971308653
0.45905989629952
0.585399707187004
0.70459701327837
0.481103049939418
0.262679411120402
0.351077958870998
0.221918646382303
0.144489916590803
0.287366161708872
0.59411761951449
0.638578053924659
0.682884962685159
0.48681679328341
-0.0584213394191487
0.448950597809722
0.596659483820723
0.535614005120729
0.54059435199883
0.447583117331239
0.384107700324777
0.394449715846777
0.40091926685458
1.05071544887869
0.8572227005815
-0.404247851106498
0.67245844536102
0.621109533487955
0.647154946619359
0.3982531757766
0.793641251620458
0.280866493287476
0.426681998202362
0.221048856432126
0.744539021626481
0.943880802299744
-0.138124033067729
0.681266129232214
0.554572548028199
0.566436153665296
0.400143480497492
-0.135028438162679
0.691206256016246
0.881773015673506
0.400094208288644
0.298897656639019
0.423552565839417
0.553001781742595
-0.469751269999177
-0.396179493214815
0.51442784282633
-0.144864775215896
0.913339550218311
0.0684968826143074
0.771244406212205
0.51106994421114
0.592060728316983
-0.306213101394438
0.370842531939212
0.542435215202562
-0.361393009834062
0.560941259042564
0.387614038637759
0.508156890731159
0.416111378485632
0.328589314342284
-0.526500280967645
0.526414351979738
0.619446566542325
0.724896830055174
0.339437937434579
0.414412148618382
-0.283242568337753
-0.0864389201168926
0.808268824111087
-0.452206351985421
0.706605196465747
0.426327959934806
0.59471567118455
0.577653719599906
-0.499606124517976
0.574556562069885
0.536630007288838
0.858580382671836
0.921347968693889
0.524461057163797
0.628690348767694
0.42102914269393
-0.0826195340591897
0.563783017334386
0.14843608084074
0.645081869621941
0.659382419956016
0.496135077881089
0.605221889835303
0.649015919456571
-0.290231832993396
0.516803672026757
-0.392654275376231
-0.794668843658577
0.599976647084484
0.563262528572795
0.607096762070117
0.559409517576751
0.7868198082787
0.654817082440367
0.386225762386495
0.389832220977657
0.377284831273973
0.735008058016868
-0.0585674172111102
0.714556239244174
0.451904887891082
-0.0647440410752082
0.587904581638969
1.02241773630236
0.770526940340828
0.898948143293454
0.411988596692953
0.611167207130272
0.549634288617049
0.675661502761427
0.62428113185024
0.367617315852603
0.571897913181483
0.715238577080146
0.588427128469086
0.540808774863576
0.851079497824108
-0.443058106220701
0.590933815752079
0.522153612870774
0.628950964031771
0.75694009285386
-0.111923788138645
0.335852097656839
0.235257021452497
0.573203564412213
0.468738303519592
0.649198793717944
0.383913184729865
0.227128405042578
-0.14833567376628
0.400277417638421
0.356298089369815
0.430000194859543
0.536754156037426
-0.346101753119253
-0.331931200271099
0.496011251547537
0.725386950777703
-0.443045676608583
-0.17080858561631
0.583333185782295
0.634263199828211
0.268845726622752
0.57780163447423
0.520865099637002
-0.498348541536638
-0.0125151958281477
0.377181008454736
0.747053331636101
0.742867837173534
0.173050418222537
0.316835069496114
0.795737162034337
0.488372878520927
0.605013413786696
0.680560212202015
0.797820973362134
0.391578959180078
0.441988358234074
-0.463793700039008
0.74788980541096
-0.106917857964989
0.640592548178311
-0.335409818281817
-2.76493030508611
-0.243092547268034
-3.1720207346022
0.703047295875577
-0.716935610701094
-0.114647886909226
-2.67419118259291
-0.361340938407011
-0.231487158745056
-4.09670354646173
-0.38870116658724
-3.04608160805738
-0.488771955738923
-3.04861902595981
-2.39893656987451
0.427696949443847
-2.57785074280362
-0.0393688842203761
-3.23068132524562
-3.01977779615572
-3.07748099837916
-0.242545513664422
-0.281584508157523
-0.013363351366291
0.267023209855937
-0.255712415286497
-3.02644069690756
-2.61422790462362
-0.098049752596905
-0.429868318621761
-2.69093777953722
-3.23549712293521
0.549496161177011
-0.174179461522105
-0.648375497556445
0.63666217604759
-0.379160645567348
-2.97054854648379
-2.82728657873692
-0.26545597779877
0.645427299993611
-0.306517311377568
-2.80272444677306
0.0324386067751518
-3.08161338299806
-0.48853152759568
-0.146794053821766
-2.65753039861089
-0.127135599735437
0.374059347322001
-0.254922338259848
-2.58386576680016
-3.66697437950371
-0.222751748690709
-0.0415352956627405
-0.305031558434591
0.735052652425338
-2.8875384135748
-2.84496464704834
1.42534571799242
-0.254853421392574
-0.0601777580233445
-2.89463093099871
-2.91377995428945
-2.63700602840176
-0.355164975287679
-0.491581534418703
-0.228893723438014
0.497058378822693
-0.0246817975537682
-2.24865056922657
0.863167976194692
0.0511475522058831
0.596402744658062
0.390035472688008
0.366501698035511
-0.109940647071834
-0.22745890546135
-0.315397219237835
1.00070963134904
-0.484478552324203
-0.494937824552831
0.553572518456636
-0.841741110590845
0.414460281258515
-0.191511195321194
-2.61347766571134
-0.0587317894241131
0.560538064188773
-0.251003506906632
0.486079099504533
-0.0998494664987901
-0.26499839201938
0.450505274371889
0.511058796300437
-0.404074268786956
-2.37406963969496
0.576201438937884
0.745692020029562
-0.244770741499372
0.42847737861986
0.639139641036498
0.21739860061303
-0.743403315157353
-0.108962713327251
0.730090757134102
0.439352602550079
-0.143444097807397
-2.61632736006648
-0.0771561000212709
-0.339113804869476
0.608862887297497
0.689280718640405
-0.350514106457305
-0.314823509987133
0.452391673273403
-0.384331875116549
0.425959623726201
-0.19053149790478
-0.339453819988241
-2.24209157209642
0.666965595635131
-0.296400938138624
0.559134142292317
-0.344237520028226
0.439171031427099
0.442236077625243
-2.42204012915696
-2.37736059794625
0.445044501894558
0.431754228285622
-0.17626823537964
-0.261171552879652
0.739604116640558
0.048360774890607
-0.0199209743182185
0.537561582998577
0.218797527367062
-0.520162533818931
-0.321842314471209
0.728858223387183
-0.283379405605746
0.639560410514539
-0.0158653130544794
0.542206743692046
0.473856094059088
0.569698914543379
0.766908942590282
0.653068443594854
0.781942342196324
0.371369578071925
-0.268252345807602
0.89731516100288
-0.2745283760879
-0.225122513588026
-0.151379562131071
-0.275851862523683
-0.396355714274803
0.645914353538608
-0.455945028001679
-0.625385298292485
0.64496397261544
0.46123822047221
-0.495704068753928
-0.606000414944074
0.388261997344051
-0.234981417516846
-0.177151667976041
-2.5922115871313
-0.0847758686113367
0.663025712253182
-2.43584268796301
0.200947158249713
-0.237472603595917
0.329616153657743
-2.46337103803818
0.70162157138593
-0.617531936544913
0.881343096074536
0.553421592292855
-2.24241737130795
0.523194572389855
-0.289265914704651
-0.229854094288237
0.349671030905502
0.834691003943977
-0.0819141533352217
0.305039763016146
-0.233270424940135
0.449425682902153
0.595959530415247
-0.844914191860058
0.526324755418186
0.598372883831671
0.655009749758384
-0.224956752444741
-2.29890527002368
-2.46404772736759
0.340511789614795
-0.470837073927557
0.57671219048903
0.323851260922381
-0.344817016287211
0.633617243699619
0.374603756583923
-0.0759880890054406
0.171915155575615
0.0374496162950953
0.657839414268907
0.795634759394055
-0.469531203527542
0.559890232854205
0.566829208216304
0.608078227300875
0.504528586231481
0.395666713716642
-0.124246492403091
-0.000202257002104744
-0.227286443641206
-2.41656154576316
0.636153810818358
0.640677719873026
0.773321508944708
0.615229586401169
0.638827036992949
-0.0842910410902978
-0.364733692752311
-0.318359680260013
-0.598543726338415
-0.652754423743909
0.45066330749017
0.27520292674081
0.171798501503053
0.637471547644431
0.460610218810951
-0.564800575696657
0.952611805169327
0.628416871962535
-0.278249607049302
0.52500074451752
-0.0918385980547419
-0.432770583452769
-0.432863975724463
0.56424154400903
-0.629449853677378
0.0426019372709072
0.807689816189512
-0.493195653287003
0.266732651170015
-0.353934954455346
-0.251600407477895
0.664310508805415
0.492992042957614
0.140569895345261
0.529446888450352
-2.59330524822394
0.473480846061889
0.823918653512824
0.305113595471748
0.413792884954251
0.194417140915827
0.619102067471611
0.478852479006027
0.67471836413795
0.659836098384677
0.28069228710739
0.450239885657621
0.421545006948526
0.580387453425061
0.32158712194971
-0.265460926665574
0.708915211624629
0.418856991393565
0.57837364221821
0.739607628988432
-0.489980873077976
-0.613366841671755
0.393820973397692
0.43963108795685
0.292878072629986
0.565163751954606
0.0133514067737825
-0.348416451632519
0.583979359121273
0.493010873921948
0.741969129811818
0.526977938999906
-0.245454476310703
0.418164381846907
0.279318333824628
-0.404029547190137
0.0435135944219995
0.525446629926111
0.256793458236569
-0.383877392166346
0.510159561612125
-0.233919417815496
0.475434234175884
0.737219616780004
0.715584768679301
0.351314677974203
0.122850083083366
0.766369675742768
0.399259605125365
0.608218366717104
-0.480658611213659
0.495143923472412
0.502479922829626
0.626448684578708
0.63086558180336
0.484464289894457
0.653318870474909
0.429263131987821
0.699036166364607
0.0322841552541073
0.461373978775839
0.492848831447607
0.18441358726336
0.630278313448605
0.47369715538057
0.18922017563025
0.334345112518375
0.524998612428257
0.537560934795916
0.37485714422695
-0.537150043495187
0.473014844382609
0.399072886230382
0.613460859635444
0.492932285264375
0.499702119464084
0.540238014374014
0.574010668378549
0.563137105278155
0.41811127754633
-0.33339513453154
0.462207200016897
0.63798593481621
-0.325284969374522
0.463364439983286
-0.165712367072602
0.486906776845344
-0.0449670416283088
0.34979373412031
0.292281195931489
-0.354381069059032
0.480783744733531
0.521435639879587
0.567630417942394
-2.382579181651
0.584384212708101
-0.208518452098078
0.654377577744757
-0.215887817779291
-0.394599828992943
0.697994894119055
-0.29856709177049
0.423259243468739
0.49493146327149
0.63338553845231
0.490881791812412
-0.262297834364234
0.128647556041086
-0.524967437992291
-0.504650384082207
-0.179897171013293
-0.271710493338171
-0.542113385529632
0.623212119317635
0.718111461139572
-0.140026846728614
-0.345757361177538
-0.506271979844333
-0.410242144384765
0.724945043979841
0.578093265069207
0.401728674607982
0.576578764213796
0.556324252955276
0.334728410300501
-0.158243601481307
0.230166959388177
0.561107705508832
-0.126856470170303
0.077598274236919
-0.430691913175177
0.454918677357383
-2.11482655300809
-0.419827207515417
-0.297071698773687
0.380816225979783
0.568934850780471
0.70693002903171
0.396857863027329
-0.27349391962259
-0.373204969907362
0.66245115258715
0.375845520610208
-0.356186078742392
-0.0405924922352456
0.801756931767359
0.777299867010655
-0.113379557129833
-0.457669222469836
-0.228301178244892
0.588314922178198
0.643326341973195
0.133701497457513
0.238626321365724
0.41784378712642
-0.0538964626155498
0.579016645401643
0.636375505791782
-2.39829035491671
-0.157119038436821
0.799265597128612
-0.184011698716145
0.0281648419406356
0.64524827665695
-0.296111517079238
-0.342520162409792
-0.186378928038188
-0.177057275518367
0.538615872964232
0.469456020641654
0.647752290770097
-0.414664669577758
0.453574884450668
-0.120457820903753
-0.512623679151407
0.568318277839715
-0.70095636464105
-0.100633171670495
0.496971985799755
-0.169348118409536
-2.70583523781597
0.606080847163938
-2.76885433019207
0.855482384471161
-0.384419229428658
-0.461698071136648
-0.490965760689102
0.57776786840317
0.383412611930658
-0.377107386947834
-0.419089786280569
-2.8355823903382
-2.97078422095043
-0.200064485597473
0.665262488390855
-0.361545489369918
0.515150090841278
-2.56212553421297
0.541979184658941
-2.65956049114125
-2.2467787938143
-0.382206821853053
-0.240975682804412
-0.120483043813328
0.625941449536561
-2.87210746970241
0.595921145017732
-0.210483365095639
-0.247566804506583
0.441576057262356
0.180594170419951
-0.776663119247047
0.874181888504567
0.142644535109204
-0.363342844075044
0.852523311490067
0.479110548844872
0.16813832550223
0.164506399857532
0.562892138240985
0.472482970047647
0.340709605862644
0.389828920489032
0.474736355108876
-0.124668477642108
0.547515326608451
-2.24426027636582
0.54228582202673
-0.333305542709163
0.64324376471166
0.536473059153921
0.520022538387061
0.608357384508741
0.285695534085323
0.611009659244377
-0.315751053339529
-0.392423125142441
-0.319859662745236
-2.49595088810774
0.398177350965554
0.682364785099345
-0.424369101740316
0.647874558774016
0.395648155438892
-0.366836072352838
0.807255606127276
0.582497555168833
-0.142957549801241
-0.458088831195505
-0.227225906641405
-0.787619978773625
0.607693375663487
0.506467315935376
-0.544765782650887
0.602944849784532
0.723853045333959
0.729054072108286
0.635523904054657
-2.34943331004031
0.613492970722074
0.157019855827756
0.482017645259092
0.463430968590367
0.610819214340719
0.746632756253005
-0.160563185940392
-0.042921849573561
0.585685403915074
-0.334440709459689
0.480811598774628
-2.62008057097329
-0.254807235891289
0.411419034539544
0.204898533196202
0.011030292400322
0.490512543403391
-0.656048901880619
0.854666564973421
0.451741963058138
-0.371837525984399
0.326494917321195
0.572490539483813
0.472792990331273
0.530453706436408
-0.2718332536845
0.55316819436936
-0.422714034851077
0.0343053281337333
0.769702680538057
-0.253533188353264
0.699151263810332
-0.0512227507691703
0.355616335956709
0.507273891853106
-2.60237441231891
0.540657334346195
0.676454730384823
0.615399883607031
0.331717749286305
-0.16017143841274
-0.185318438212957
0.500337996604165
-0.0545633136044628
-0.311755547744745
-0.806043702234294
-0.222784482482241
-0.530905273606895
-0.376800366607419
0.694927834749059
0.144579975715673
-2.3433944254329
0.518948480588637
0.552089400355161
-0.366632474999848
0.39290906992766
-0.280077537068011
-0.291169409623203
0.737169333242253
-0.128509982736936
0.621980081709899
-0.391078051798832
0.737328009519557
0.000187090353005182
0.666271338403252
0.584895364210337
0.798714861441792
0.0253453610578164
0.624132222064598
0.510112116926022
-2.43227911812333
0.0170650180429468
0.444692163249848
0.768906643748919
-0.10712258462071
0.624194801659545
0.882095502625599
0.335948092297246
-0.286723037868421
-0.29326220761318
-0.320291981438929
0.165820755234067
0.750079092334641
0.813947042771272
0.369878728862559
0.612613810011935
0.667632179664072
-0.27762838781109
0.517472693950287
-0.0120186529035184
-0.583337695241317
-0.128434737633924
-0.0705533396119907
0.351484859084899
-2.47938756939997
0.669625252150865
0.628751160329978
0.798469985039361
0.166153370886148
0.613745901980649
0.551288125509932
0.427577409317306
0.689822311306143
-0.347411089841221
-0.317245620932546
0.814624520295735
-0.161854836910628
0.12777736715571
-0.224809284414695
0.348310112843986
0.157939423827006
0.561858615572571
0.511830709183874
-2.51363771848635
0.0724124821770571
-0.77039052900062
0.18218375980108
0.646926708972113
0.642603958005368
0.534122653435562
0.655911128124211
0.255666907698896
0.587933536250842
0.715483846507676
0.749356642368287
0.604319824796617
-0.218613009112638
0.0225704669584237
-0.334608956150491
0.726735552496671
0.394172268156369
0.350888032432209
0.823650700063187
0.602303097527735
0.524590374882654
-0.292060191459122
0.357909766633178
-0.498857418854967
0.51179049546114
0.448441123652177
0.551075476688747
0.403220622063778
0.598326929712349
0.394161148428305
-0.463485668872924
0.624899183668454
0.258205197984461
0.358392750076439
0.54791183676995
0.338950921974729
0.552011103561258
0.465915782488198
0.20807130926146
0.578045683710859
0.633019163542248
0.659714295066948
-2.4696530864959
0.425293830808876
0.172571501769496
-0.637653543546537
-0.598916332092177
0.747240697722957
0.5961027834932
0.0311788339613845
-0.75582706303956
0.347553952185964
0.381556526971182
0.622313937515113
0.444539902287194
0.732854777042003
0.450615996888843
-1.04999750060706
0.336941938035477
-0.689028414277009
0.641877588910388
-0.511400273815889
0.480019085066563
0.563031297401668
0.375188176614592
-0.391307108485013
0.68733315995174
0.516718287456323
-2.78492031797226
0.334674933584591
0.328023077688253
0.550960934375106
0.887594457650162
0.659440869405335
0.397978475089836
0.690889338286882
0.516607122464755
0.373572348986545
-0.69995495048286
0.53351548284512
0.599632896735678
0.310739597367527
0.663681734252602
0.59762887874506
0.663189755568061
-0.108714550416893
0.534163848427443
0.406174271894889
0.554745209451716
-0.368139927556156
0.543676420991283
0.613915880613678
-0.495699531803099
0.57144892259501
0.652724691801294
0.599288785289567
-0.2269360717798
0.364975999758395
0.495212949233007
-0.270083562113022
-0.475829299737319
0.710241952722531
-0.303896183290988
0.745979587074737
0.675055413007445
0.651721196708384
0.787972793219157
0.570757563065951
0.876947485261228
0.772472119582752
-0.285315685329867
0.520369413868182
0.512992791074023
0.477895407797374
-0.234668300827977
0.705103732686517
0.573538328608656
-0.675885602175632
-0.353525475696181
0.405441155138271
-0.261674955807938
-0.498694093864153
-2.82329649205769
0.556858735455779
-0.722038162525904
0.426782416444816
-0.305901925467771
0.527002916239285
0.618891861809093
0.576058170918919
0.352349437157541
-0.238557558522682
0.837517157343144
0.389832115236055
0.426762030439524
0.504137059168395
0.340332465064439
0.341664800519798
-0.59531407938122
0.571450156775732
0.372915336632429
0.386826937848913
0.316611484954742
0.525503157802046
-0.48515819196193
0.597459678767798
0.538626402797423
0.583309224046886
0.263365945853047
0.397956606898875
-0.0287094440126062
0.448546433591654
0.631517809453064
-0.373543541184828
0.49936930754164
0.330514037465057
-0.65085019970466
0.570495516079296
0.353348584015999
-0.199449943217882
-0.0808430990736809
0.312458216320288
0.655825086601617
0.452749980001578
-0.373550498267453
0.429813337845523
0.727803113453279
0.560935799157675
0.241110634124682
-2.36147616831867
0.232203658117397
-0.602000313658172
0.156481432617781
-0.0577532972990938
-2.67888832254714
0.214368176793856
0.5377643064467
-0.220939276555617
-0.434177691527452
0.817213315013917
0.664135060043053
0.624901209595946
-0.322823215427001
0.800374284488547
0.803525798672643
-0.322113053121531
0.0622627733901814
0.347611032644391
0.582652144485972
-0.522905872393309
0.231457505642847
-0.0359359360084778
0.433944463521961
0.697763663176374
0.591724262201299
0.585364779129767
0.405981136796187
0.00457288979883036
0.861552393882022
0.64180745818816
0.491250187424004
0.764892285245786
0.816490626595068
0.493561913171868
0.61505356873958
0.550903568741764
0.287814876869303
0.629730197504159
0.657918218787553
0.507014218692215
0.790482365001687
0.253028109502181
0.614166766301641
0.483850292904691
0.642267322976229
0.825230565133198
0.715944607603028
-0.343968780042358
0.183026038136963
0.373813094139695
-2.56634110431166
0.527818334413963
0.582214076731041
0.414794324684191
0.78750746756795
-0.165158264899418
0.440019031718194
0.227619663676276
0.349704168238892
0.460032174169465
-0.543008763514176
0.404003663407462
0.633641618295143
0.433394790962643
0.37925521900114
0.645952737070892
-0.336709881350968
0.504901869912844
0.0711558643415754
0.338427167485878
0.726890519922861
0.548066755403939
0.424864244297047
0.365390177177667
0.685232751019263
0.716980928476859
0.599771120556695
0.533799625001801
0.730872493678236
0.442353714543175
0.376284411843681
0.0946966890939029
0.686492858463669
0.223687333991975
0.126534832626956
0.793866021642006
0.201955051681666
0.312276061699026
0.167228417080723
-2.16136486843481
0.451269590678844
-0.185988747503265
0.52216265258932
-0.0126770421563033
0.311709638552806
-0.0971681657246605
-0.228004370637587
0.528353511001196
0.500213207141954
-0.280025259820126
-0.211112929511592
0.346458167640722
-0.661640936108765
0.349188225802736
-0.46953585511289
0.359652857091643
0.335226555666527
0.438099827984749
-0.356498895199824
0.513561804627528
0.457297367466052
0.601485373085653
0.380112382354816
0.605987992381916
0.260516682486959
0.57305060777176
0.419730475800443
0.430244081458966
0.482079929355911
0.332435265213874
0.485725333108994
0.602450381754422
0.460131978892667
0.39950595770804
0.223405780044857
-0.722251656277685
0.303699692066193
0.512615205799024
0.277941468840644
0.290196279777506
-0.336358398674254
0.467948514943806
-0.363113741296932
-0.735676375829814
0.188481673843111
0.623032484464361
0.347431358843862
0.244511509597242
0.335341900677265
0.376846647310829
0.501911210840223
0.389065567247468
0.493621916384053
0.352432506377522
0.239840342642542
0.252227913738174
-0.261880440355835
0.392099804584981
-0.419539410866918
0.295537030902043
0.558905792618535
0.331822938335373
0.258668571967314
0.211051121304901
0.322626712037625
0.474892082889663
0.263771915173956
0.417352168194725
0.523056987034475
0.152254073759138
-0.0290172348595125
0.341662716842401
-0.363513063683956
-0.63867274606606
0.496040706955711
-0.845031039229819
0.453517133270795
0.469358327912096
0.570976610679277
0.639370878572975
0.488168538586489
0.577215570368143
-0.586781635151222
0.171886721488295
0.45753478795767
0.487225481710187
0.127687176217644
0.473028196724191
0.455332899749403
0.311273278041083
-0.560925146436155
-0.208025342169741
0.632041684097326
-0.191466916082896
-0.51342668315076
-2.61918137784143
-2.44610156369246
0.264993098595021
-0.44726322512606
0.481806370517447
0.522087917608128
0.638040689626887
-0.272487472318893
-0.388452860745878
0.496520168354038
-0.141601524919638
0.608628667204756
0.493321311711282
-0.262897137355852
0.503277683988717
0.311875902603967
-0.529752596432308
-0.217114368154891
0.775092044018339
-0.173300279354941
0.70272567677337
-2.06787668826487
-2.30438573008905
0.622160568540924
-0.382205598129704
-0.284794801522283
-0.267803589579915
0.691419661073172
-0.0158024351995123
0.657924864517895
-0.317511512071676
0.539450309953264
-2.40381188578804
-2.45177729737378
0.529409447312296
0.562658153148164
-2.36306462974978
0.817212945311568
0.790725145936572
-0.524881721283571
-0.789544633337279
0.510469685992215
-0.164236455262227
-1.97500936128767
0.491131585365271
0.74966505417714
0.701089545873119
-0.443418209020853
-0.517840658481134
0.0453728800834992
0.516814787173758
-0.45111897564126
-2.29610100592115
-0.166917141289292
-0.317003436618776
0.506733106373303
-2.35055081476997
-0.451264714028511
-0.819234199439215
-0.234566008018761
0.666514350917004
-0.371076931659281
-2.15816706668799
0.688957176709724
0.393729703424309
-0.210733040024167
-0.347841577570889
-0.268513514226471
-2.67244144482489
0.406562900515595
0.423692217200142
0.549886954912431
-0.25027498435355
-2.67318084586073
0.223270090212025
-0.395560760872981
-2.51400298560727
-2.400983265067
0.419251649452592
-0.251998764310363
-2.31240364861482
-0.473770310437582
-2.34185819140537
-0.183652116974896
-0.272819331675925
-2.35093260448056
-2.38655858974865
0.0465598725046511
-0.308478234675502
-0.138303340378195
-2.19143190829994
-2.578567726429
-0.534506420062147
-0.240146366611273
0.4233297584641
0.251661630641492
0.542525699795274
0.732133786183279
-2.83055905302429
-0.665358161121793
-0.412291315846177
0.557031031952317
0.531554085279997
0.515582586253858
-0.200195248293919
-2.16625296234257
0.418318062703229
-2.86420281718436
0.103640743180111
0.672958554462719
0.518188538815594
0.820587485931501
-2.50158854988212
0.395751617073328
0.629617213613687
0.65772460432559
0.330224597405753
-0.00696993240421706
0.755225802421065
-0.559469541760213
0.675743306423623
-0.394472390006784
-0.335554142491533
0.512798880817959
-0.566824036664608
-2.14167484234656
0.458247913746545
-0.574487766254207
0.389283140718552
0.512591897774171
0.540842397834246
-0.0773675168706061
-0.326515375307875
-0.392733686463099
0.324474567514059
-2.83092686846593
0.495941103368639
-0.0634906625985395
-0.38707651936258
0.508332042299344
0.447652874152103
-2.34411184664693
-2.42455811455517
-2.58205533797432
0.607958511159605
0.65553384620985
0.626695755723938
-0.380201606398191
-2.06795315298676
-0.47271374838356
1.25871960882507
0.480870463593365
-0.0127468929010853
-2.47874389308576
0.621992571702127
-0.265407039370942
0.493740118919411
-0.24804759735747
-0.0228090386732187
0.549611963731793
0.496226008064923
-0.24470186767017
-0.128121074910242
-2.54289350612108
-0.210149533541271
-0.336735801358425
-0.335404697390055
0.464817790760564
0.165840993956509
-2.40606582213624
-0.250450880622394
0.316040552526843
-0.235198495729526
-2.17724232466019
-0.39602926398218
-0.2789275393064
-0.626196487048622
-0.473731516866469
-0.376381306026348
-0.0833592648899475
-0.148306760216676
-0.382468508963345
-2.28641186145608
0.657000119508643
-0.29283414064764
-0.131650716106365
-0.306889074305252
-0.143600586697868
-0.223881408075792
0.683907680514839
-2.53615905682029
0.559341639373613
-2.39977688681186
0.40892120156271
0.574354532023628
-0.400468234208955
-0.53698603884361
-0.34322125841883
-0.153532322472834
-0.0304297994724546
0.686802350598221
0.47194537867463
-0.153272221400663
0.523493914484291
-2.43792287874292
-0.715320094023286
-0.284102593450199
0.114420806250779
-0.303471491122869
-0.501006289652542
0.585280767368737
-2.44511015139112
0.507942145634807
0.362754579564335
-0.13457312037398
-0.298235932746091
0.410566156927534
0.14544922783711
-0.146812278478566
-2.24359374071209
-2.92499604757189
-2.3151687692069
-2.73077580390689
-0.371096186964877
-2.47724593568292
-0.389825042407544
-0.474689195000606
0.376801220834691
0.667135650272706
-0.0534261409198552
-0.453913200163902
0.643089859229384
0.54066070648892
-2.60213627716638
0.521349051302495
0.735115245513531
-0.336483706273287
-0.326599168089728
0.467878783568018
0.443068903197827
0.46371597822429
0.0316208408256414
0.584627047311154
-0.213317271339637
-0.682668272730235
-0.532672494847218
-2.23948863563859
-0.343814816035327
-0.818212102041518
0.625230084740595
-0.176770622093329
0.617198638277765
-0.772250082326784
-2.59479607207187
0.612363782619198
-0.433997030444552
0.595755248498516
0.484723725945945
-2.52672193269375
0.537717160930466
-2.93629065532718
0.518446931704186
-0.166759914228046
0.365396712075508
0.629678956090316
0.596938995618203
-0.485059059732475
0.530521071950629
-0.327971580749934
-0.346640006306458
-2.31358261471956
-0.105268759607109
-0.207774084265832
-0.508165246527061
0.632849632465439
-0.612876248707447
-0.958337544234785
0.404877411924135
-0.434685531280007
0.495564076368953
-0.169618027207827
-2.60517521157964
0.596345353392599
-0.314000835662861
0.346417125587588
0.359192898545167
0.391111390219979
-0.292739663204703
-0.468053402185955
0.457001335355322
0.468598545157063
0.597374888223903
-0.332257665300052
0.712265905386342
0.540219093417969
-0.191616483873666
0.787017847047218
0.44406288104138
0.518514579752911
0.577002001599863
-0.123394840012812
0.569253241464907
0.800165730155747
0.606118187477987
0.578984859012192
0.53154235982577
-0.168157243692189
0.46993543345717
-0.110337814440706
0.570655622668418
0.552041765048701
0.506707120476177
0.579450912603982
0.573316805328228
0.398114429939475
0.542936856899
-0.299162770595855
0.45403712672614
0.617746574532148
0.610801568578507
-0.13789800979088
-0.283437806572366
0.633800687565612
0.320564315650457
-0.180821929159078
0.647593084229788
0.564551845901177
0.077985086015476
-0.284481254538527
0.600032098717839
0.411183428154839
0.670099092364933
0.693380865980933
0.592299061080872
0.577363184552767
-0.415661995173591
0.693266894904619
0.622348318234507
0.442013491129573
0.531120155421537
0.651527118059623
-0.217818670111362
-0.110860234916916
0.450419885549377
0.568619402461031
-2.17933464336672
0.469594582801954
-2.20158347850501
0.161881855515046
-0.444388214424753
-0.451826032768231
0.576094016073612
0.564551820756089
0.464545936623553
0.603525588714763
-0.351245458031976
0.367396400645729
0.177503130161514
0.562816941559844
-0.122410171604361
0.264179838358018
-0.530548147304223
0.606269370185192
0.24113492328947
0.517255712229215
-0.636762860261968
-0.537002011929835
-0.0676041142266816
0.429058634703099
0.597006587252009
-0.433523548633593
-0.242601416279654
0.473777518797887
0.502827883303494
-2.45367947823191
0.553971226371691
0.0208072683122771
0.415679957159688
0.706500584707525
0.301812910427637
0.634556208734909
0.421298749697077
0.51387317506182
0.08430611996549
0.655597454917315
0.389991731225638
0.254257841879198
-0.592557006027034
0.280260602370463
-0.437723739626422
0.754941813769914
0.564392528237365
0.459282630123312
-2.94603080548183
0.484490128758707
0.244658530239342
0.171587130016693
0.563726612423432
-0.848060589856081
0.203646929161352
0.280923419773247
0.475059629036777
0.555445665544158
0.426364549008654
0.687545604976746
-0.341043585561811
-0.399372953825127
0.296489457808687
-0.406036507968053
-0.123268994716055
0.601203063220749
-0.701482848511879
-0.869613631560045
-0.204409154081906
0.349100271104139
-0.458856382059731
-0.350113600775001
0.350355341060287
0.242350104167724
0.777192842368553
-0.176533049824485
0.584104420386459
0.498619669978358
-0.141769483453166
0.401005682601508
-0.505890618246937
-0.424663388483471
-0.45761652177791
0.406951104893094
0.345184698744806
0.546999525719282
0.508525440058555
0.441217495062978
-0.389828655770799
0.214185633645151
-0.480822823156983
0.247544543271159
-0.295049807248048
0.415106615456867
0.211112149900653
0.763629376915948
-2.56306680057934
-0.243673751004054
-0.404533360204243
0.253909548232203
0.381562938985986
-0.687612909606747
-2.85204505208503
0.0890749085706212
0.651990616875082
0.262123179285085
0.399123980132174
-0.26492938178564
0.287693047285112
0.344806642483622
-0.289553336470558
0.560400831114563
-2.63745567843827
-2.48916070940527
0.508851251145102
0.203369037715715
0.585880000401299
-0.674025547281341
-0.6163791281004
-0.445297161691057
0.375301132371516
0.538614051265515
0.663840407763859
0.47403250267053
-0.415314653552352
-0.277449702541252
0.296346058788511
-0.461552007942617
0.537256255174678
0.564312516491516
-0.443380276800686
-0.516596925059864
0.498366644281773
-0.338477953694673
-0.342469133182762
-2.82103709298343
-0.0810698500684792
-0.410920055862722
-0.553102127501258
-2.45395030963411
-2.47221713425387
-0.33897206454278
-0.606192252997444
0.396881202779403
-0.0986107651729838
0.576921847110071
-0.0913049123674256
-2.15323775609566
-0.701605348444477
-2.86300103621454
-0.284318980327486
0.316561665005245
0.344830198152028
-0.286295807417855
-0.402853656656821
-0.102041115908845
-2.76669015903741
-0.242948741445312
-0.373260201127129
-0.426325853971317
-0.300519044637375
-2.25584531826224
-0.666004707319583
0.374057419879629
0.293498369119715
-0.227579742098292
0.562082374486418
-0.547307118103103
0.786234941465801
-2.49120088816598
0.713436981956975
-0.715522223134458
0.343579355861323
0.493977753709232
-2.57642953168459
-0.417425365871916
-0.79921322687056
0.393867615306264
-0.0956927502961862
-2.89540534860881
-0.492080939088644
-0.294895980042734
0.343777411911746
-0.613983367469272
-2.80754173765509
-0.365517119058381
-2.66628630388706
-0.428635368006589
-2.58493908750008
-0.519030675213784
-2.36574939144854
-0.389422901228736
-3.000838733305
0.432137753362983
-2.79443958947365
0.416805292969808
-2.71272078624307
0.400387487455431
-0.385664712786635
-2.77159297361903
-0.54299705932987
0.784287977439447
0.234890546134363
0.681696901010538
0.752274406841745
0.489057151279719
-0.344234332090815
0.670079477363546
0.74053045967363
-0.0250694150382495
0.630800597807283
0.483582655134768
0.675546777759237
0.492524919854216
0.568042815419904
0.563468290772324
0.449230095135758
0.42317712969147
0.841040785033456
0.510192055802238
0.465565292546937
-0.697219794333406
0.598498086966452
0.558403230431566
0.331627067374745
0.445982417042995
0.581581326352029
0.486789054927602
0.416392307038296
0.510502489590717
0.824061810913262
0.254344371536397
0.372370175992712
0.335410695077832
0.433679590706343
-0.624299116805568
0.363532744956953
0.418574013812122
0.603192169985645
0.388224931320727
0.63559779855842
0.367939320118775
0.852868577713197
0.466054409317038
0.624619137116831
0.819152956170126
0.76355494382783
-0.456706174599413
0.0608008143644801
-0.824188955761408
-0.264292244210413
0.525386701707055
1.13904123636706
0.806735537791131
0.45590909791026
-0.11049239455912
0.253956206577796
-0.820804555894548
0.498938045001639
0.587633558053864
0.363973449191686
0.20937104772636
0.474031989256951
0.6847507570302
-0.0707881136029093
-0.037753012418501
0.630861994932537
0.418984108361725
0.549074004481281
-0.0430690047407563
0.371671906142113
0.782385510122986
0.672338744018409
0.458366078285237
0.392579454473373
0.41437612192185
0.530256053030787
0.249410394997096
0.637685305450473
-0.433071113614204
0.335981007061847
0.298131894792336
0.15132054038156
0.432380517594863
-0.366064820088587
-2.61780610908925
-0.366385658214797
0.38133613547857
0.820479123692992
0.586931380497713
-0.257977855050288
0.485776703677385
-0.685704236673909
0.575804252174752
0.696617003640605
-0.441647962302625
0.599163806673651
0.00504153088709913
-2.47890222978788
0.836425640227794
0.788004361778779
0.411743715721639
0.55067049955461
0.313806999580325
0.475720993553658
0.451684228323577
-0.0831058332844686
-0.452956063601566
0.472365385236063
0.419121786991767
0.680323980655868
-2.53086632234296
-0.375339144848501
-0.505902090730448
0.597589650738779
-0.34247881209066
0.419525772526064
0.708044770559933
0.671798956444393
-0.270116914026806
0.639057075286935
0.550591057689031
0.216743965104874
-0.564103530962101
0.57217970633837
0.765486077966294
0.00313148916615452
0.128281349228446
0.330659724407999
-2.29036881253437
0.52246619027441
-0.0959221589515519
0.437601286379985
-0.38909538006763
0.439304062489443
0.47998251869414
-0.313524011144573
0.659820913588136
0.639033319937911
-0.431446260040841
0.600214926531439
-0.382947076450198
-0.136458559550014
0.485551915423464
0.448529310553821
-0.395386622226274
0.355848354111684
0.541639947695432
0.781719028704063
0.554371472907934
0.473442166794012
0.522507324840583
0.71188309744774
0.584037296420355
0.5867828827541
-0.59866917925827
0.422804016909469
0.419472572892603
-0.300927765750934
-0.351841803715454
0.738260893401105
0.26574076136922
0.0358860018439955
0.406029395292873
0.476514366406285
-0.438872659962137
-0.214104263947346
0.550499885910991
0.687002313344427
-0.180294081178393
0.565361955632335
0.874090542775029
0.310316142204013
0.576704196608152
-0.0483426144091562
0.604954613765524
0.61357910996266
0.437658118670064
0.469918818972329
-0.186484484051767
0.144251649764065
-0.491967860359564
0.00172330958885319
-0.321363508222106
-0.189581406876781
0.502025915587113
0.221872966937436
0.432763037751324
-0.259416472290235
-0.566889926069537
-0.0934624877943053
-0.60431826960699
0.462753818866319
0.811274422453658
0.370818304163241
0.489669079731608
0.424091195178373
-2.28028775798397
-0.311461123702381
0.0760793499010222
0.439309417829836
0.40642059947069
-0.618987147763185
-0.371889611203414
0.572461235709736
0.48822442056855
-0.491293568246297
0.473584406775957
0.581319388109471
0.582543251703522
-0.00152979444317602
0.412395037695202
0.51580701669131
0.351536837331967
-0.675448304754469
0.479905387165566
0.508533543733919
0.579872787459431
-0.408069179485507
0.635860334359665
-0.300092693892727
-0.510699470335218
0.174002586425709
-0.528677036464522
-0.5464171121007
0.524118934418524
0.659191822454839
-0.312553099165084
0.0309923579572992
0.442784829130211
0.370014583760878
-2.2765774183938
0.729215203529602
0.402835517246655
-0.465845486915331
0.501850886589257
-0.129413094489819
0.519368242137549
0.577528157071278
-2.15017737724221
0.532002268684451
-2.21862302463511
-0.729716371214704
-0.282054002991191
-2.2879467867278
0.409900886907883
0.537969755569291
-0.160795012728269
-0.394731576561636
0.571977753575613
-0.421535201267124
-0.616134342061075
0.570692563615856
-2.57510869399401
0.27028805788533
0.154057986808352
0.56252781641306
0.511719678918616
0.477267803361265
0.457591866562913
-0.451374410553984
-0.330520875448019
0.497502236380006
-0.364196615033115
-2.13907061135976
-0.537418774496851
0.60626106808137
-0.490741958149932
0.524705614637789
0.621003855625039
-0.159837646837411
0.384066428942349
0.624824027234643
0.570000843871558
-0.379507930828073
0.297303577158848
-0.27295974550381
0.670874508622939
-0.337256177833826
-0.318143430757828
0.425359574252556
0.589473182996298
0.580490561494679
0.39386016145092
0.321134102063399
0.598651346984092
-2.12457458226815
-0.0447535508939073
-0.379104179628417
-0.502325321848373
0.703765891871701
0.63759470901355
-0.270074295817856
0.379154174636862
-0.482343929174111
0.356459793268995
-0.607179124601597
0.465319453989958
0.588250764790876
-2.87834164645339
0.513165147826357
0.13782025478537
0.33496833750495
-0.0417261534493024
0.450570416855921
-0.167178003257971
-0.416497282805389
0.560302590627469
0.684108975191778
0.449841066972853
-0.300509004577122
0.782508694604287
-0.218262792274296
0.3044385451908
0.654920686829866
0.326806497135883
-0.44820028942501
0.446379581146396
0.613655105941926
-0.669068015425614
-0.193915917602058
-0.548920481260835
-0.248088893761412
-0.114649736600465
-0.45742964308547
0.743507523912066
-0.372918664425665
0.375972552532608
-0.0299025400933306
0.491265660420105
-0.295129294849644
0.345490406650241
-0.402593000078542
-0.298856247272459
0.458542159404805
0.389744831310438
0.474013764376663
-0.328914956922043
-0.561240368466482
0.354606329370933
-0.517983929181369
-2.63955953671617
0.667092609300814
-0.568381950772438
-0.432605953211383
0.526900863670871
-2.72637312390169
0.602054124103347
0.277556264405014
0.347323968620904
0.206128257838747
-2.36658270910589
0.526231903011264
0.394935119412084
-0.441693352544162
0.59941596640556
-0.36450110282981
0.73284290904544
-0.250858377222925
-0.499494884607544
-0.337297598082188
-0.250213350971537
0.560210112540497
-2.53533210278988
-2.5302802102272
0.797201517883192
-0.300688894791735
0.727497453039957
-0.569659844512637
-2.42629716315375
-0.41666839593058
-2.59892061822147
-2.60858404628455
-0.404000542873414
0.632814767649149
-0.20969404678802
-0.465919488507371
0.493847849463795
-2.73761295200087
-0.225774440473875
-0.496406309519063
-0.389139431949806
0.265954124682737
-0.603116400891221
-2.18633780959195
0.271136882325197
-2.1164667436381
-0.510352210774196
-0.446709062491687
0.701654567000507
0.591046204994099
-0.157487238464491
-0.497041899956983
0.359243652646781
0.52254702670049
-0.357841532249154
-0.45007907802082
0.599163876555855
0.685006869050591
0.556881684870604
-0.232328701766094
0.576147404496742
0.620332862102364
0.358081409991936
-0.151344105988629
0.111913074682107
0.379248939562794
-2.49698769067858
-2.60043645545958
-0.255641281615329
-2.14023251642054
-2.46092069364019
-2.31100954345939
0.631578329992821
-0.156405033230231
0.71001622584462
0.57301681826186
0.787538516483875
-0.374891841502238
0.630746002995327
-0.122236302806175
0.0990814050912441
0.643058262721368
0.812423922127255
0.629938187420787
0.533366423854458
-0.0769634766201461
-0.146506211923332
0.603428084137582
-0.023304079164411
0.365719735244696
0.961400216267807
-1.76183736832809
0.475139799652666
-0.204286911979254
0.747838418711108
0.68861342314521
-0.626244168178629
0.60161237890459
0.307284559288512
0.0656252960292456
0.657879127332079
0.657782541786728
-0.516631434869768
0.368696278507455
-0.3252122881445
0.387328070606471
0.592886172225981
0.538014626470853
-0.132749431388731
0.753760767255688
-0.369445611414876
0.749535383729302
-0.244290468214916
0.557832434766621
0.707574041296365
-0.270165446505661
0.431678847373059
0.382819348771919
-2.17874179572185
-0.205585139099474
0.808020137062114
-2.37597879603722
0.387672137268254
-0.394857475976258
0.554313204767565
-0.143036728903003
0.743844900902039
-0.512183903104081
0.817310521748706
0.569153575637648
-2.1880843319117
0.541200010945523
-2.44671469643027
-2.42189845664214
0.521934764578294
0.654738249356903
-0.301369337410222
-0.436986408759393
-2.44585797590184
-0.117171511535532
-0.321004545913021
-0.289896689197966
0.629590302956359
-0.318432077782852
0.689024035220474
0.670047352411891
-0.136604641747096
-0.136331293991409
-0.112862084820595
0.658388755684403
0.499273077404422
-0.0883494510697162
-0.243764885513203
-2.40464224885163
-0.260154680986356
0.543276928142091
0.338232881675813
0.457302431426479
-1.98632705299124
-0.120136705941387
0.147067086348881
-0.23337042960142
-1.99226999436846
0.625333465121268
0.339940361020761
-2.45134043113014
-0.101233460369935
0.484368107413406
-0.319041763396197
0.536348281417747
-0.0886052021346895
-0.274061600695783
0.553978566996684
-0.111950287353778
0.719173311069457
0.707132465095581
0.592070743331408
0.566870628513368
-0.163652860699767
-0.256716556354011
-0.229272255071605
-0.413844791310262
-2.5987359690856
0.487030869337049
-0.3429825216935
-2.31588694907708
-0.0237976019051162
0.514220796099359
0.720606816021266
-0.453444551487248
-2.48179494207851
-1.99737508868058
0.553149525220543
0.421584241703191
0.460489393251455
-2.24990789198338
0.786344753710665
0.644310422767787
-0.109577769742956
0.724035518277609
0.717727880686268
-2.40010705337834
0.593788371799521
-2.36948651835075
0.622862155842085
-0.349668251021615
-0.603320534893669
-2.22685714944416
0.674905235743638
-0.139067264225929
-0.2575447505495
0.570368529071206
0.594764086743666
0.558784447701594
-0.244472408363067
-0.377492693555906
0.424449629891447
-0.0814789672212559
-2.54057993154669
0.646758062379288
-2.71806356333548
0.63016585576703
-2.94099900946009
-2.51992949113505
0.474216695430429
-0.207461640404333
0.672007262167416
0.666624982405508
0.321123836802675
0.359446478502135
-0.25489909857768
-0.388860111169708
0.629046016335864
0.183060382610309
-0.647833722574434
-0.413067546762146
-0.394316902264229
-0.398939942330439
-0.797494669008508
-0.292450345455133
-0.519284474058115
-2.64480835317332
0.37668163212293
0.451020771492738
-0.339586280664651
0.387399092774658
-0.570119733588694
-0.922262269772736
0.300236180921964
0.371413152998425
-0.5115751333487
-0.0900438977818425
-0.494410568585846
0.27008189664388
-0.361899999960157
0.294905341417081
-0.433151404839216
0.472650006245485
0.52328444910572
-0.370136321611262
-2.63878617083579
0.529899655591787
0.472984491899087
0.54342461770386
-2.40866376780078
0.410777460124641
0.240833434810277
-0.364641404757567
0.456259529593256
0.515024177360341
-2.37734516225098
0.394694000796053
-0.0100973769231322
0.478849084296974
0.410663310136897
-2.84342137636433
-0.174194198722766
0.172059202274817
0.135507664336906
-2.53570976811679
0.396747589450045
0.251721016112305
-0.0561579426343395
0.572954420349489
0.479591339987199
-0.359696015429973
-0.904896962206063
-0.559970488517173
-0.196597686743544
0.655762697444838
-0.0444341291869888
-0.655094884988347
-0.330848074219039
0.708938922556248
-0.637449375580415
0.253522665914798
-0.07670446051476
0.678578337037917
-0.609705426792134
0.434069795588471
-0.00444419961606249
0.360867071011607
-0.64201163060579
0.197592821428578
0.420758528008929
0.388568136356379
-0.413808622563286
0.0213601909612838
-0.76399184845248
0.198316273773561
-0.37787920892629
0.448320086767637
0.512705788340139
-0.464365152248632
-0.36523188876764
-0.0199086615652305
0.272168359845179
0.384029574702424
-0.276181533561989
0.485431396091024
0.319129309387185
0.475780667898413
-2.39595961058884
0.319964983547313
0.261335460723752
0.496104371288267
-0.278544707801683
0.0662028588839504
0.535521515464955
-0.305624773235853
-0.476129087320949
0.439239837765689
0.485361254696897
0.306748278374352
0.228150159855268
-2.32238239046282
0.26337004206511
0.419926412773657
0.187432223035917
0.54838601873844
-1.95587202375887
0.352839878106432
0.692537917648978
0.243944779789269
0.563631781366124
-2.40993201727171
-0.322135838071699
0.21687531700178
-0.235071785900579
0.359182477022616
0.287071921663985
-0.139538741937391
0.113064243319295
0.20887158063906
0.306874111699622
0.346841900929513
-2.51039066978273
0.357988946933333
-0.419843905639364
-0.327321678288522
-0.495963467363799
0.15688983593529
-0.461574646392521
0.267817078536328
-0.457344107379088
-0.661803984479822
-1.99159428443991
-2.71292500363421
-0.640804560477214
0.371547130636234
0.165084107799536
-0.419928907322753
0.487604018294043
-0.308838632222824
0.443395260967782
0.0829934812671828
0.287751920559713
0.549792614031479
-0.503189785077709
0.437310210217826
0.414598370320829
-0.528178095092523
0.428380325003198
